0 0 0 0 0 0 0 0 0 0 0 0 0 0 0 0 0 0 0 0 0 0 0 0 0 0 0 0 0 0 0 0 0 0 0 0 0 0 0 0 0 0 0 0 0 0 0 0 0 
0 3.57713e+09 6.32235e+10 -7.09483e+10 3.35029e+10 -3.42462e+10 -4.66622e+09 -1.82833e+10 -9.27208e+09 -1.32279e+10 -1.15702e+10 -5.7053e+09 -4.23146e+09 -3.55604e+09 -2.43889e+09 -2.5099e+09 -3.2594e+09 -2.53462e+09 -8.44568e+07 1.15407e+09 7.02258e+07 -1.41373e+09 -1.47884e+09 -5.37467e+08 2.79622e+08 5.73758e+08 4.19453e+08 6.75683e+07 -2.1285e+08 -3.14445e+08 -2.34684e+08 -9.73871e+06 3.11604e+08 6.76301e+08 1.00427e+09 1.22886e+09 1.31155e+09 1.25669e+09 1.11077e+09 9.30253e+08 7.58272e+08 6.17292e+08 5.13403e+08 4.43667e+08 4.0201e+08 3.81724e+08 3.76208e+08 3.7914e+08 3.84724e+08 
0 6.32235e+10 3.13412e+12 -1.85114e+12 1.77674e+12 -5.4214e+11 5.04222e+10 -3.97126e+11 -2.939e+11 -4.63051e+11 -4.27747e+11 -2.68717e+11 -1.96024e+11 -1.56544e+11 -1.14205e+11 -1.09882e+11 -1.23546e+11 -1.18023e+11 -4.31047e+10 1.2947e+10 -3.03836e+09 -5.09556e+10 -6.60639e+10 -4.2841e+10 -1.49828e+10 -4.02943e+08 -3.40367e+08 -8.55996e+09 -1.68657e+10 -2.05284e+10 -1.82305e+10 -1.13435e+10 -2.10586e+09 7.09789e+09 1.40902e+10 1.79796e+10 1.88466e+10 1.73517e+10 1.4682e+10 1.18717e+10 9.49601e+09 7.72809e+09 6.54029e+09 5.83395e+09 5.50602e+09 5.4583e+09 5.59673e+09 5.82907e+09 6.07221e+09 
0 -7.09483e+10 -1.85114e+12 3.17406e+12 -7.41222e+11 1.43599e+12 3.89187e+11 5.70647e+11 3.99106e+11 4.94774e+11 4.23977e+11 2.58168e+11 1.76832e+11 1.41797e+11 9.34889e+10 8.05059e+10 1.07832e+11 1.21477e+11 4.68037e+10 -2.16625e+10 -1.41329e+10 3.61502e+10 5.64565e+10 3.27688e+10 9.50715e+08 -1.66995e+10 -1.66376e+10 -5.54115e+09 6.58625e+09 1.34414e+10 1.27041e+10 5.19778e+09 -6.99683e+09 -2.09806e+10 -3.33117e+10 -4.14066e+10 -4.41906e+10 -4.21296e+10 -3.70127e+10 -3.08351e+10 -2.50405e+10 -2.03509e+10 -1.69413e+10 -1.46885e+10 -1.33776e+10 -1.27785e+10 -1.26671e+10 -1.28284e+10 -1.3065e+10 
0 3.35029e+10 1.77674e+12 -7.41222e+11 1.15166e+12 -1.09356e+11 1.43001e+11 -1.6914e+11 -1.48304e+11 -2.36125e+11 -2.3045e+11 -1.51043e+11 -1.12402e+11 -8.96228e+10 -6.86172e+10 -6.66279e+10 -6.97489e+10 -6.21223e+10 -2.35304e+10 2.37747e+09 -8.07649e+09 -3.16649e+10 -3.73516e+10 -2.52426e+10 -1.20249e+10 -5.45412e+09 -5.42746e+09 -8.84798e+09 -1.19463e+10 -1.28148e+10 -1.1125e+10 -7.7516e+09 -3.87829e+09 -5.15715e+08 1.65609e+09 2.66037e+09 2.79012e+09 2.37032e+09 1.80118e+09 1.33274e+09 1.03785e+09 8.87369e+08 8.38247e+08 8.60072e+08 9.34903e+08 1.04814e+09 1.18462e+09 1.32703e+09 1.45979e+09 
0 -3.42462e+10 -5.4214e+11 1.43599e+12 -1.09356e+11 7.75422e+11 2.18058e+11 2.88536e+11 1.58389e+11 1.91263e+11 1.61858e+11 8.56139e+10 5.55527e+10 4.66426e+10 2.9039e+10 2.44853e+10 3.89477e+10 4.32129e+10 1.1175e+10 -1.51406e+10 -8.89629e+09 1.24491e+10 1.90538e+10 8.08031e+09 -4.90617e+09 -1.13758e+10 -1.04739e+10 -5.21591e+09 1.52269e+08 3.13603e+09 2.94585e+09 -1.53748e+08 -5.46094e+09 -1.18945e+10 -1.787e+10 -2.1986e+10 -2.35114e+10 -2.25443e+10 -1.99179e+10 -1.66532e+10 -1.35356e+10 -1.09802e+10 -9.09888e+09 -7.83383e+09 -7.07193e+09 -6.69075e+09 -6.57163e+09 -6.60211e+09 -6.67926e+09 
0 -4.66622e+09 5.04222e+10 3.89187e+11 1.43001e+11 2.18058e+11 1.47282e+11 6.67962e+10 4.0452e+10 3.92881e+10 1.37519e+10 5.28336e+08 -2.89831e+09 -2.34234e+09 -7.39807e+09 -8.48857e+09 -8.751e+08 6.17316e+09 1.14325e+09 -7.27776e+09 -9.52644e+09 -4.9351e+09 -1.32936e+09 -2.92601e+09 -6.43883e+09 -8.62231e+09 -8.38268e+09 -6.39238e+09 -3.9805e+09 -2.24697e+09 -1.79401e+09 -2.78514e+09 -5.05513e+09 -8.02173e+09 -1.08133e+10 -1.2619e+10 -1.30673e+10 -1.22728e+10 -1.06888e+10 -8.84355e+09 -7.12777e+09 -5.74031e+09 -4.7256e+09 -4.0431e+09 -3.62716e+09 -3.41038e+09 -3.32939e+09 -3.32564e+09 -3.34598e+09 
0 -1.82833e+10 -3.97126e+11 5.70647e+11 -1.6914e+11 2.88536e+11 6.67962e+10 1.41389e+11 6.83718e+10 9.40821e+10 7.90874e+10 3.9735e+10 2.51287e+10 2.09392e+10 1.29558e+10 1.24232e+10 1.99231e+10 2.02225e+10 3.20152e+09 -9.09083e+09 -4.58936e+09 6.45264e+09 9.14116e+09 3.21241e+09 -3.18993e+09 -6.06136e+09 -5.30362e+09 -2.5473e+09 1.02864e+08 1.46751e+09 1.20777e+09 -5.34637e+08 -3.37783e+09 -6.71246e+09 -9.67351e+09 -1.15718e+10 -1.21046e+10 -1.13946e+10 -9.91424e+09 -8.1924e+09 -6.60622e+09 -5.33574e+09 -4.41545e+09 -3.80537e+09 -3.44432e+09 -3.26965e+09 -3.222e+09 -3.24582e+09 -3.29077e+09 
0 -9.27208e+09 -2.939e+11 3.99106e+11 -1.48304e+11 1.58389e+11 4.0452e+10 6.83718e+10 5.75739e+10 6.96812e+10 5.92546e+10 3.71174e+10 2.58961e+10 2.06695e+10 1.36711e+10 1.172e+10 1.53391e+10 1.73312e+10 7.08414e+09 -2.52134e+09 -1.68213e+09 5.19834e+09 8.05997e+09 4.8658e+09 4.93395e+08 -1.96843e+09 -1.99821e+09 -5.01827e+08 1.14125e+09 2.05496e+09 1.91235e+09 8.37553e+08 -8.55592e+08 -2.74328e+09 -4.36223e+09 -5.39043e+09 -5.71289e+09 -5.41181e+09 -4.73157e+09 -3.93037e+09 -3.1883e+09 -2.5927e+09 -2.16307e+09 -1.88228e+09 -1.72237e+09 -1.65366e+09 -1.64718e+09 -1.67503e+09 -1.71154e+09 
0 -1.32279e+10 -4.63051e+11 4.94774e+11 -2.36125e+11 1.91263e+11 3.92881e+10 9.40821e+10 6.96812e+10 9.47582e+10 8.1385e+10 5.07202e+10 3.55953e+10 2.8384e+10 1.92699e+10 1.74118e+10 2.18604e+10 2.33448e+10 8.92969e+09 -3.58377e+09 -1.70941e+09 7.83835e+09 1.15171e+10 7.02596e+09 1.12451e+09 -2.11627e+09 -2.13436e+09 -1.8226e+08 1.9226e+09 3.05095e+09 2.80576e+09 1.38244e+09 -7.96872e+08 -3.19279e+09 -5.22041e+09 -6.4969e+09 -6.896e+09 -6.52582e+09 -5.69405e+09 -4.7209e+09 -3.82584e+09 -3.11157e+09 -2.59885e+09 -2.2657e+09 -2.07802e+09 -1.99994e+09 -1.99653e+09 -2.0341e+09 -2.08174e+09 
0 -1.15702e+10 -4.27747e+11 4.23977e+11 -2.3045e+11 1.61858e+11 1.37519e+10 7.90874e+10 5.92546e+10 8.1385e+10 7.67303e+10 4.97704e+10 3.56821e+10 2.8458e+10 2.11106e+10 1.92888e+10 2.14026e+10 2.11852e+10 8.72913e+09 -1.26896e+09 9.41746e+08 8.91754e+09 1.16036e+10 7.71121e+09 2.88412e+09 2.6062e+08 1.42002e+08 1.49863e+09 2.91155e+09 3.57344e+09 3.24477e+09 2.14911e+09 6.4615e+08 -9.00542e+08 -2.15523e+09 -2.95267e+09 -3.25754e+09 -3.13507e+09 -2.75991e+09 -2.30488e+09 -1.88434e+09 -1.54989e+09 -1.31274e+09 -1.16345e+09 -1.08653e+09 -1.06482e+09 -1.08086e+09 -1.11705e+09 -1.15707e+09 
0 -5.7053e+09 -2.68717e+11 2.58168e+11 -1.51043e+11 8.56139e+10 5.28336e+08 3.9735e+10 3.71174e+10 5.07202e+10 4.97704e+10 3.64986e+10 2.63116e+10 2.06065e+10 1.59541e+10 1.43159e+10 1.43538e+10 1.44648e+10 7.60879e+09 1.39774e+09 1.90927e+09 6.28268e+09 8.23331e+09 6.3101e+09 3.51856e+09 1.78962e+09 1.43107e+09 1.94301e+09 2.57284e+09 2.86698e+09 2.66381e+09 2.11772e+09 1.45853e+09 8.71923e+08 4.54711e+08 1.91221e+08 3.96693e+07 -2.93048e+07 -5.73718e+07 -7.06752e+07 -8.05785e+07 -9.03674e+07 -1.02206e+08 -1.17536e+08 -1.37327e+08 -1.61353e+08 -1.88305e+08 -2.15824e+08 -2.41435e+08 
0 -4.23146e+09 -1.96024e+11 1.76832e+11 -1.12402e+11 5.55527e+10 -2.89831e+09 2.51287e+10 2.58961e+10 3.55953e+10 3.56821e+10 2.63116e+10 1.96616e+10 1.53197e+10 1.19782e+10 1.08521e+10 1.05266e+10 1.0231e+10 5.47001e+09 1.34089e+09 1.85464e+09 4.85214e+09 6.09229e+09 4.73275e+09 2.83025e+09 1.65107e+09 1.38277e+09 1.68071e+09 2.04125e+09 2.18208e+09 2.01882e+09 1.67585e+09 1.31069e+09 1.02259e+09 8.33257e+08 6.97264e+08 5.77711e+08 4.68355e+08 3.64579e+08 2.71005e+08 1.93103e+08 1.32966e+08 8.79309e+07 5.37396e+07 2.63784e+07 3.09221e+06 -1.77002e+07 -3.65058e+07 -5.34376e+07 
0 -3.55604e+09 -1.56544e+11 1.41797e+11 -8.96228e+10 4.66426e+10 -2.34234e+09 2.09392e+10 2.06695e+10 2.8384e+10 2.8458e+10 2.06065e+10 1.53197e+10 1.21469e+10 9.49145e+09 8.56375e+09 8.34235e+09 8.01699e+09 4.16361e+09 9.44936e+08 1.46404e+09 3.87135e+09 4.79861e+09 3.6742e+09 2.16362e+09 1.25122e+09 1.06365e+09 1.31543e+09 1.60405e+09 1.71094e+09 1.57381e+09 1.29051e+09 9.85968e+08 7.40577e+08 5.76919e+08 4.62971e+08 3.71007e+08 2.94359e+08 2.25701e+08 1.65065e+08 1.14592e+08 7.52737e+07 4.52708e+07 2.1751e+07 2.08451e+06 -1.54349e+07 -3.16524e+07 -4.66283e+07 -6.01791e+07 
0 -2.43889e+09 -1.14205e+11 9.34889e+10 -6.86172e+10 2.9039e+10 -7.39807e+09 1.29558e+10 1.36711e+10 1.92699e+10 2.11106e+10 1.59541e+10 1.19782e+10 9.49145e+09 7.86436e+09 7.13122e+09 6.40983e+09 5.77075e+09 3.22176e+09 1.28104e+09 1.74801e+09 3.26343e+09 3.77627e+09 3.04637e+09 2.11033e+09 1.53137e+09 1.35343e+09 1.40807e+09 1.47389e+09 1.45345e+09 1.33177e+09 1.19101e+09 1.11401e+09 1.12146e+09 1.17185e+09 1.18967e+09 1.13383e+09 1.01093e+09 8.47576e+08 6.7854e+08 5.29363e+08 4.11734e+08 3.25697e+08 2.65775e+08 2.25508e+08 1.99249e+08 1.82355e+08 1.7113e+08 1.62427e+08 
0 -2.5099e+09 -1.09882e+11 8.05059e+10 -6.66279e+10 2.44853e+10 -8.48857e+09 1.24232e+10 1.172e+10 1.74118e+10 1.92888e+10 1.43159e+10 1.08521e+10 8.56375e+09 7.13122e+09 6.64165e+09 5.96911e+09 5.11605e+09 2.68108e+09 1.04594e+09 1.66771e+09 3.08675e+09 3.45427e+09 2.72118e+09 1.87594e+09 1.38999e+09 1.26298e+09 1.32387e+09 1.37256e+09 1.33301e+09 1.20429e+09 1.06523e+09 9.91409e+08 9.9985e+08 1.05307e+09 1.08e+09 1.04029e+09 9.37535e+08 7.94229e+08 6.41659e+08 5.04156e+08 3.94129e+08 3.12924e+08 2.561e+08 2.17887e+08 1.93066e+08 1.77251e+08 1.66886e+08 1.58894e+08 
0 -3.2594e+09 -1.23546e+11 1.07832e+11 -6.97489e+10 3.89477e+10 -8.751e+08 1.99231e+10 1.53391e+10 2.18604e+10 2.14026e+10 1.43538e+10 1.05266e+10 8.34235e+09 6.40983e+09 5.96911e+09 6.23249e+09 5.81685e+09 2.46146e+09 -2.95253e+07 7.10833e+08 2.80102e+09 3.41613e+09 2.36345e+09 1.12154e+09 4.5562e+08 4.08909e+08 7.11934e+08 1.01327e+09 1.12886e+09 1.01665e+09 7.49094e+08 4.21638e+08 1.10191e+08 -1.29656e+08 -2.85504e+08 -3.6111e+08 -3.67598e+08 -3.33571e+08 -2.85281e+08 -2.3935e+08 -2.02898e+08 -1.77876e+08 -1.63676e+08 -1.58827e+08 -1.61362e+08 -1.6901e+08 -1.79232e+08 -1.89609e+08 
0 -2.53462e+09 -1.18023e+11 1.21477e+11 -6.21223e+10 4.32129e+10 6.17316e+09 2.02225e+10 1.73312e+10 2.33448e+10 2.11852e+10 1.44648e+10 1.0231e+10 8.01699e+09 5.77075e+09 5.11605e+09 5.81685e+09 6.3305e+09 2.9878e+09 -1.85675e+08 -3.94879e+06 2.21923e+09 3.24313e+09 2.2854e+09 8.80182e+08 3.67576e+07 -6.7277e+07 3.07533e+08 7.50463e+08 9.92567e+08 9.32805e+08 6.27381e+08 1.82824e+08 -2.8194e+08 -6.60191e+08 -8.97282e+08 -9.83946e+08 -9.42899e+08 -8.27513e+08 -6.89429e+08 -5.6241e+08 -4.61715e+08 -3.90573e+08 -3.45928e+08 -3.22992e+08 -3.16553e+08 -3.21353e+08 -3.32112e+08 -3.43923e+08 
0 -8.44568e+07 -4.31047e+10 4.68037e+10 -2.35304e+10 1.1175e+10 1.14325e+09 3.20152e+09 7.08414e+09 8.92969e+09 8.72913e+09 7.60879e+09 5.47001e+09 4.16361e+09 3.22176e+09 2.68108e+09 2.46146e+09 2.9878e+09 2.17609e+09 8.59915e+08 4.09614e+08 9.94876e+08 1.58906e+09 1.47883e+09 1.01629e+09 6.21003e+08 4.45331e+08 4.56541e+08 5.45132e+08 6.13524e+08 6.04733e+08 5.42013e+08 4.70071e+08 4.26033e+08 4.12621e+08 4.0808e+08 3.90849e+08 3.54454e+08 3.02425e+08 2.45229e+08 1.92642e+08 1.49814e+08 1.17373e+08 9.38207e+07 7.70542e+07 6.51875e+07 5.6692e+07 5.04119e+07 4.54013e+07 
0 1.15407e+09 1.2947e+10 -2.16625e+10 2.37747e+09 -1.51406e+10 -7.27776e+09 -9.09083e+09 -2.52134e+09 -3.58377e+09 -1.26896e+09 1.39774e+09 1.34089e+09 9.44936e+08 1.28104e+09 1.04594e+09 -2.95253e+07 -1.85675e+08 8.59915e+08 1.49557e+09 1.07053e+09 3.48993e+08 2.69148e+08 6.92294e+08 1.06635e+09 1.16866e+09 1.01578e+09 7.312e+08 4.6991e+08 3.24719e+08 3.18646e+08 4.58759e+08 7.31413e+08 1.08213e+09 1.4088e+09 1.61473e+09 1.6537e+09 1.53964e+09 1.33042e+09 1.09317e+09 8.76279e+08 7.02839e+08 5.7668e+08 4.9186e+08 4.39843e+08 4.12184e+08 4.01106e+08 3.99536e+08 4.01124e+08 
0 7.02258e+07 -3.03836e+09 -1.41329e+10 -8.07649e+09 -8.89629e+09 -9.52644e+09 -4.58936e+09 -1.68213e+09 -1.70941e+09 9.41746e+08 1.90927e+09 1.85464e+09 1.46404e+09 1.74801e+09 1.66771e+09 7.10833e+08 -3.94879e+06 4.09614e+08 1.07053e+09 1.2199e+09 8.25237e+08 5.48149e+08 6.80722e+08 9.39158e+08 1.07213e+09 1.00474e+09 7.9388e+08 5.52544e+08 3.83389e+08 3.39011e+08 4.4083e+08 6.78272e+08 9.89548e+08 1.27555e+09 1.4465e+09 1.46595e+09 1.35261e+09 1.16027e+09 9.47934e+08 7.56555e+08 6.04961e+08 4.95564e+08 4.22543e+08 3.78123e+08 3.54787e+08 3.45692e+08 3.44656e+08 3.46144e+08 
0 -1.41373e+09 -5.09556e+10 3.61502e+10 -3.16649e+10 1.24491e+10 -4.9351e+09 6.45264e+09 5.19834e+09 7.83835e+09 8.91754e+09 6.28268e+09 4.85214e+09 3.87135e+09 3.26343e+09 3.08675e+09 2.80102e+09 2.21923e+09 9.94876e+08 3.48993e+08 8.25237e+08 1.51659e+09 1.5826e+09 1.17897e+09 7.98821e+08 6.12691e+08 5.83929e+08 6.22361e+08 6.35303e+08 6.00381e+08 5.32349e+08 4.71328e+08 4.48211e+08 4.6077e+08 4.85807e+08 4.90755e+08 4.62047e+08 4.06389e+08 3.36596e+08 2.66873e+08 2.06694e+08 1.60025e+08 1.26434e+08 1.03437e+08 8.83058e+07 7.8703e+07 7.2724e+07 6.8856e+07 6.58108e+07 
0 -1.47884e+09 -6.60639e+10 5.64565e+10 -3.73516e+10 1.90538e+10 -1.32936e+09 9.14116e+09 8.05997e+09 1.15171e+10 1.16036e+10 8.23331e+09 6.09229e+09 4.79861e+09 3.77627e+09 3.45427e+09 3.41613e+09 3.24313e+09 1.58906e+09 2.69148e+08 5.48149e+08 1.5826e+09 1.95042e+09 1.46169e+09 8.31378e+08 4.62322e+08 3.95582e+08 5.09653e+08 6.35667e+08 6.824e+08 6.26893e+08 5.10135e+08 3.81926e+08 2.73641e+08 1.96917e+08 1.42264e+08 1.01012e+08 7.12928e+07 4.88682e+07 3.14482e+07 1.79491e+07 7.77848e+06 -32623.2 -6.47453e+06 -1.23567e+07 -1.81204e+07 -2.38896e+07 -2.94969e+07 -3.46997e+07 
0 -5.37467e+08 -4.2841e+10 3.27688e+10 -2.52426e+10 8.08031e+09 -2.92601e+09 3.21241e+09 4.8658e+09 7.02596e+09 7.71121e+09 6.3101e+09 4.73275e+09 3.6742e+09 3.04637e+09 2.72118e+09 2.36345e+09 2.2854e+09 1.47883e+09 6.92294e+08 6.80722e+08 1.17897e+09 1.46169e+09 1.27719e+09 9.44082e+08 6.97715e+08 5.88231e+08 5.75101e+08 5.87547e+08 5.8379e+08 5.49084e+08 5.13454e+08 5.08359e+08 5.40891e+08 5.88361e+08 6.14197e+08 5.97262e+08 5.40132e+08 4.57942e+08 3.70309e+08 2.91855e+08 2.29509e+08 1.83815e+08 1.52219e+08 1.31451e+08 1.18524e+08 1.10881e+08 1.06394e+08 1.03219e+08 
0 2.79622e+08 -1.49828e+10 9.50715e+08 -1.20249e+10 -4.90617e+09 -6.43883e+09 -3.18993e+09 4.93395e+08 1.12451e+09 2.88412e+09 3.51856e+09 2.83025e+09 2.16362e+09 2.11033e+09 1.87594e+09 1.12154e+09 8.80182e+08 1.01629e+09 1.06635e+09 9.39158e+08 7.98821e+08 8.31378e+08 9.44082e+08 1.00274e+09 9.67183e+08 8.47491e+08 6.87473e+08 5.41502e+08 4.48696e+08 4.23463e+08 4.86184e+08 6.42038e+08 8.58837e+08 1.06621e+09 1.19254e+09 1.20375e+09 1.11072e+09 9.53902e+08 7.80021e+08 6.22504e+08 4.97085e+08 4.05947e+08 3.44479e+08 3.06352e+08 2.85444e+08 2.76206e+08 2.7368e+08 2.73443e+08 
0 5.73758e+08 -4.02943e+08 -1.66995e+10 -5.45412e+09 -1.13758e+10 -8.62231e+09 -6.06136e+09 -1.96843e+09 -2.11627e+09 2.6062e+08 1.78962e+09 1.65107e+09 1.25122e+09 1.53137e+09 1.38999e+09 4.5562e+08 3.67576e+07 6.21003e+08 1.16866e+09 1.07213e+09 6.12691e+08 4.62322e+08 6.97715e+08 9.67183e+08 1.0644e+09 9.59496e+08 7.32704e+08 5.0321e+08 3.57828e+08 3.32122e+08 4.41964e+08 6.77634e+08 9.85055e+08 1.27038e+09 1.44581e+09 1.47215e+09 1.36463e+09 1.17547e+09 9.63699e+08 7.71231e+08 6.17846e+08 5.06586e+08 4.3198e+08 3.86362e+08 3.62211e+08 3.52624e+08 3.51341e+08 3.52742e+08 
0 4.19453e+08 -3.40367e+08 -1.66376e+10 -5.42746e+09 -1.04739e+10 -8.38268e+09 -5.30362e+09 -1.99821e+09 -2.13436e+09 1.42002e+08 1.43107e+09 1.38277e+09 1.06365e+09 1.35343e+09 1.26298e+09 4.08909e+08 -6.7277e+07 4.45331e+08 1.01578e+09 1.00474e+09 5.83929e+08 3.95582e+08 5.88231e+08 8.47491e+08 9.59496e+08 8.79441e+08 6.75618e+08 4.5949e+08 3.17485e+08 2.88136e+08 3.86693e+08 6.03172e+08 8.86069e+08 1.14891e+09 1.3112e+09 1.33729e+09 1.24112e+09 1.07019e+09 8.78164e+08 7.03256e+08 5.63668e+08 4.62351e+08 3.94405e+08 3.52888e+08 3.30958e+08 3.22321e+08 3.21258e+08 3.22626e+08 
0 6.75683e+07 -8.55996e+09 -5.54115e+09 -8.84798e+09 -5.21591e+09 -6.39238e+09 -2.5473e+09 -5.01827e+08 -1.8226e+08 1.49863e+09 1.94301e+09 1.68071e+09 1.31543e+09 1.40807e+09 1.32387e+09 7.11934e+08 3.07533e+08 4.56541e+08 7.312e+08 7.9388e+08 6.22361e+08 5.09653e+08 5.75101e+08 6.87473e+08 7.32704e+08 6.75618e+08 5.46964e+08 4.06132e+08 3.06512e+08 2.75374e+08 3.28957e+08 4.66104e+08 6.53736e+08 8.31984e+08 9.42302e+08 9.57957e+08 8.88168e+08 7.65698e+08 6.28186e+08 5.02719e+08 4.0239e+08 3.29384e+08 2.80211e+08 2.49891e+08 2.33526e+08 2.26632e+08 2.25161e+08 2.25475e+08 
0 -2.1285e+08 -1.68657e+10 6.58625e+09 -1.19463e+10 1.52269e+08 -3.9805e+09 1.02864e+08 1.14125e+09 1.9226e+09 2.91155e+09 2.57284e+09 2.04125e+09 1.60405e+09 1.47389e+09 1.37256e+09 1.01327e+09 7.50463e+08 5.45132e+08 4.6991e+08 5.52544e+08 6.35303e+08 6.35667e+08 5.87547e+08 5.41502e+08 5.0321e+08 4.5949e+08 4.06132e+08 3.47617e+08 2.9833e+08 2.69495e+08 2.77547e+08 3.31174e+08 4.18206e+08 5.0732e+08 5.63106e+08 5.67706e+08 5.25025e+08 4.5244e+08 3.71017e+08 2.96407e+08 2.36442e+08 1.9251e+08 1.62576e+08 1.43684e+08 1.32943e+08 1.27741e+08 1.25755e+08 1.24911e+08 
0 -3.14445e+08 -2.05284e+10 1.34414e+10 -1.28148e+10 3.13603e+09 -2.24697e+09 1.46751e+09 2.05496e+09 3.05095e+09 3.57344e+09 2.86698e+09 2.18208e+09 1.71094e+09 1.45345e+09 1.33301e+09 1.12886e+09 9.92567e+08 6.13524e+08 3.24719e+08 3.83389e+08 6.00381e+08 6.824e+08 5.8379e+08 4.48696e+08 3.57828e+08 3.17485e+08 3.06512e+08 2.9833e+08 2.82599e+08 2.5875e+08 2.42096e+08 2.46706e+08 2.73397e+08 3.08473e+08 3.3109e+08 3.2896e+08 3.02751e+08 2.6056e+08 2.13403e+08 1.69953e+08 1.34776e+08 1.08728e+08 9.06561e+07 7.88416e+07 7.16258e+07 6.75399e+07 6.53194e+07 6.38445e+07 
0 -2.34684e+08 -1.82305e+10 1.27041e+10 -1.1125e+10 2.94585e+09 -1.79401e+09 1.20777e+09 1.91235e+09 2.80576e+09 3.24477e+09 2.66381e+09 2.01882e+09 1.57381e+09 1.33177e+09 1.20429e+09 1.01665e+09 9.32805e+08 6.04733e+08 3.18646e+08 3.39011e+08 5.32349e+08 6.26893e+08 5.49084e+08 4.23463e+08 3.32122e+08 2.88136e+08 2.75374e+08 2.69495e+08 2.5875e+08 2.40479e+08 2.28229e+08 2.3463e+08 2.60244e+08 2.92107e+08 3.11327e+08 3.07126e+08 2.8074e+08 2.40165e+08 1.95756e+08 1.55386e+08 1.22997e+08 9.91656e+07 8.27187e+07 7.20264e+07 6.55436e+07 6.19125e+07 5.99709e+07 5.86961e+07 
0 -9.73871e+06 -1.13435e+10 5.19778e+09 -7.7516e+09 -1.53748e+08 -2.78514e+09 -5.34637e+08 8.37553e+08 1.38244e+09 2.14911e+09 2.11772e+09 1.67585e+09 1.29051e+09 1.19101e+09 1.06523e+09 7.49094e+08 6.27381e+08 5.42013e+08 4.58759e+08 4.4083e+08 4.71328e+08 5.10135e+08 5.13454e+08 4.86184e+08 4.41964e+08 3.86693e+08 3.28957e+08 2.77547e+08 2.42096e+08 2.28229e+08 2.4829e+08 3.07358e+08 3.9212e+08 4.72532e+08 5.18126e+08 5.15357e+08 4.70205e+08 4.00243e+08 3.24992e+08 2.57939e+08 2.05102e+08 1.66964e+08 1.41345e+08 1.25469e+08 1.1672e+08 1.12763e+08 1.11543e+08 1.11243e+08 
0 3.11604e+08 -2.10586e+09 -6.99683e+09 -3.87829e+09 -5.46094e+09 -5.05513e+09 -3.37783e+09 -8.55592e+08 -7.96872e+08 6.4615e+08 1.45853e+09 1.31069e+09 9.85968e+08 1.11401e+09 9.91409e+08 4.21638e+08 1.82824e+08 4.70071e+08 7.31413e+08 6.78272e+08 4.48211e+08 3.81926e+08 5.08359e+08 6.42038e+08 6.77634e+08 6.03172e+08 4.66104e+08 3.31174e+08 2.46706e+08 2.3463e+08 3.07358e+08 4.58608e+08 6.50908e+08 8.22587e+08 9.19733e+08 9.21752e+08 8.4244e+08 7.16828e+08 5.81929e+08 4.62428e+08 3.68881e+08 3.01925e+08 2.57561e+08 2.30809e+08 2.16962e+08 2.11777e+08 2.11455e+08 2.12617e+08 
0 6.76301e+08 7.09789e+09 -2.09806e+10 -5.15715e+08 -1.18945e+10 -8.02173e+09 -6.71246e+09 -2.74328e+09 -3.19279e+09 -9.00542e+08 8.71923e+08 1.02259e+09 7.40577e+08 1.12146e+09 9.9985e+08 1.10191e+08 -2.8194e+08 4.26033e+08 1.08213e+09 9.89548e+08 4.6077e+08 2.73641e+08 5.40891e+08 8.58837e+08 9.85055e+08 8.86069e+08 6.53736e+08 4.18206e+08 2.73397e+08 2.60244e+08 3.9212e+08 6.50908e+08 9.71895e+08 1.25574e+09 1.41876e+09 1.42987e+09 1.31101e+09 1.11788e+09 9.09067e+08 7.23625e+08 5.78329e+08 4.74399e+08 4.05726e+08 3.64629e+08 3.43788e+08 3.36561e+08 3.36951e+08 3.3961e+08 
0 1.00427e+09 1.40902e+10 -3.33117e+10 1.65609e+09 -1.787e+10 -1.08133e+10 -9.67351e+09 -4.36223e+09 -5.22041e+09 -2.15523e+09 4.54711e+08 8.33257e+08 5.76919e+08 1.17185e+09 1.05307e+09 -1.29656e+08 -6.60191e+08 4.12621e+08 1.4088e+09 1.27555e+09 4.85807e+08 1.96917e+08 5.88361e+08 1.06621e+09 1.27038e+09 1.14891e+09 8.31984e+08 5.0732e+08 3.08473e+08 2.92107e+08 4.72532e+08 8.22587e+08 1.25574e+09 1.64059e+09 1.86615e+09 1.89002e+09 1.7396e+09 1.48806e+09 1.21322e+09 9.67669e+08 7.74502e+08 6.35965e+08 5.44271e+08 4.89358e+08 4.61544e+08 4.51989e+08 4.52672e+08 4.56423e+08 
0 1.22886e+09 1.79796e+10 -4.14066e+10 2.66037e+09 -2.1986e+10 -1.2619e+10 -1.15718e+10 -5.39043e+09 -6.4969e+09 -2.95267e+09 1.91221e+08 6.97264e+08 4.62971e+08 1.18967e+09 1.08e+09 -2.85504e+08 -8.97282e+08 4.0808e+08 1.61473e+09 1.4465e+09 4.90755e+08 1.42264e+08 6.14197e+08 1.19254e+09 1.44581e+09 1.3112e+09 9.42302e+08 5.63106e+08 3.3109e+08 3.11327e+08 5.18126e+08 9.19733e+08 1.41876e+09 1.86615e+09 2.13402e+09 2.17121e+09 2.00646e+09 1.72234e+09 1.40824e+09 1.12555e+09 9.02052e+08 7.41161e+08 6.34332e+08 5.70137e+08 5.37447e+08 5.26048e+08 5.26635e+08 5.30865e+08 
0 1.31155e+09 1.88466e+10 -4.41906e+10 2.79012e+09 -2.35114e+10 -1.30673e+10 -1.21046e+10 -5.71289e+09 -6.896e+09 -3.25754e+09 3.96693e+07 5.77711e+08 3.71007e+08 1.13383e+09 1.04029e+09 -3.6111e+08 -9.83946e+08 3.90849e+08 1.6537e+09 1.46595e+09 4.62047e+08 1.01012e+08 5.97262e+08 1.20375e+09 1.47215e+09 1.33729e+09 9.57957e+08 5.67706e+08 3.2896e+08 3.07126e+08 5.15357e+08 9.21752e+08 1.42987e+09 1.89002e+09 2.17121e+09 2.21844e+09 2.05809e+09 1.77274e+09 1.4535e+09 1.16407e+09 9.34037e+08 7.67797e+08 6.57035e+08 5.90204e+08 5.55934e+08 5.43731e+08 5.44004e+08 5.4813e+08 
0 1.25669e+09 1.73517e+10 -4.21296e+10 2.37032e+09 -2.25443e+10 -1.22728e+10 -1.13946e+10 -5.41181e+09 -6.52582e+09 -3.13507e+09 -2.93048e+07 4.68355e+08 2.94359e+08 1.01093e+09 9.37535e+08 -3.67598e+08 -9.42899e+08 3.54454e+08 1.53964e+09 1.35261e+09 4.06389e+08 7.12928e+07 5.40132e+08 1.11072e+09 1.36463e+09 1.24112e+09 8.88168e+08 5.25025e+08 3.02751e+08 2.8074e+08 4.70205e+08 8.4244e+08 1.31101e+09 1.7396e+09 2.00646e+09 2.05809e+09 1.91625e+09 1.65591e+09 1.36128e+09 1.09225e+09 8.77366e+08 7.2149e+08 6.17285e+08 5.54157e+08 5.21559e+08 5.09707e+08 5.09632e+08 5.13247e+08 
0 1.11077e+09 1.4682e+10 -3.70127e+10 1.80118e+09 -1.99179e+10 -1.06888e+10 -9.91424e+09 -4.73157e+09 -5.69405e+09 -2.75991e+09 -5.73718e+07 3.64579e+08 2.25701e+08 8.47576e+08 7.94229e+08 -3.33571e+08 -8.27513e+08 3.02425e+08 1.33042e+09 1.16027e+09 3.36596e+08 4.88682e+07 4.57942e+08 9.53902e+08 1.17547e+09 1.07019e+09 7.65698e+08 4.5244e+08 2.6056e+08 2.40165e+08 4.00243e+08 7.16828e+08 1.11788e+09 1.48806e+09 1.72234e+09 1.77274e+09 1.65591e+09 1.43507e+09 1.18252e+09 9.50405e+08 7.6417e+08 6.2862e+08 5.37732e+08 4.82476e+08 4.53769e+08 4.43145e+08 4.42822e+08 4.45768e+08 
0 9.30253e+08 1.18717e+10 -3.08351e+10 1.33274e+09 -1.66532e+10 -8.84355e+09 -8.1924e+09 -3.93037e+09 -4.7209e+09 -2.30488e+09 -7.06752e+07 2.71005e+08 1.65065e+08 6.7854e+08 6.41659e+08 -2.85281e+08 -6.89429e+08 2.45229e+08 1.09317e+09 9.47934e+08 2.66873e+08 3.14482e+07 3.70309e+08 7.80021e+08 9.63699e+08 8.78164e+08 6.28186e+08 3.71017e+08 2.13403e+08 1.95756e+08 3.24992e+08 5.81929e+08 9.09067e+08 1.21322e+09 1.40824e+09 1.4535e+09 1.36128e+09 1.18252e+09 9.76281e+08 7.85726e+08 6.32269e+08 5.20272e+08 4.44996e+08 3.99105e+08 3.75153e+08 3.66172e+08 3.65743e+08 3.68054e+08 
0 7.58272e+08 9.49601e+09 -2.50405e+10 1.03785e+09 -1.35356e+10 -7.12777e+09 -6.60622e+09 -3.1883e+09 -3.82584e+09 -1.88434e+09 -8.05785e+07 1.93103e+08 1.14592e+08 5.29363e+08 5.04156e+08 -2.3935e+08 -5.6241e+08 1.92642e+08 8.76279e+08 7.56555e+08 2.06694e+08 1.79491e+07 2.91855e+08 6.22504e+08 7.71231e+08 7.03256e+08 5.02719e+08 2.96407e+08 1.69953e+08 1.55386e+08 2.57939e+08 4.62428e+08 7.23625e+08 9.67669e+08 1.12555e+09 1.16407e+09 1.09225e+09 9.50405e+08 7.85726e+08 6.32989e+08 5.09665e+08 4.19486e+08 3.58777e+08 3.21699e+08 3.02291e+08 2.94956e+08 2.9453e+08 2.96332e+08 
0 6.17292e+08 7.72809e+09 -2.03509e+10 8.87369e+08 -1.09802e+10 -5.74031e+09 -5.33574e+09 -2.5927e+09 -3.11157e+09 -1.54989e+09 -9.03674e+07 1.32966e+08 7.52737e+07 4.11734e+08 3.94129e+08 -2.02898e+08 -4.61715e+08 1.49814e+08 7.02839e+08 6.04961e+08 1.60025e+08 7.77848e+06 2.29509e+08 4.97085e+08 6.17846e+08 5.63668e+08 4.0239e+08 2.36442e+08 1.34776e+08 1.22997e+08 2.05102e+08 3.68881e+08 5.78329e+08 7.74502e+08 9.02052e+08 9.34037e+08 8.77366e+08 7.6417e+08 6.32269e+08 5.09665e+08 4.10522e+08 3.37947e+08 2.89047e+08 2.59157e+08 2.43492e+08 2.37556e+08 2.37191e+08 2.38627e+08 
0 5.13403e+08 6.54029e+09 -1.69413e+10 8.38247e+08 -9.09888e+09 -4.7256e+09 -4.41545e+09 -2.16307e+09 -2.59885e+09 -1.31274e+09 -1.02206e+08 8.79309e+07 4.52708e+07 3.25697e+08 3.12924e+08 -1.77876e+08 -3.90573e+08 1.17373e+08 5.7668e+08 4.95564e+08 1.26434e+08 -32623.2 1.83815e+08 4.05947e+08 5.06586e+08 4.62351e+08 3.29384e+08 1.9251e+08 1.08728e+08 9.91656e+07 1.66964e+08 3.01925e+08 4.74399e+08 6.35965e+08 7.41161e+08 7.67797e+08 7.2149e+08 6.2862e+08 5.20272e+08 4.19486e+08 3.37947e+08 2.78241e+08 2.38006e+08 2.13413e+08 2.0053e+08 1.95656e+08 1.95371e+08 1.96568e+08 
0 4.43667e+08 5.83395e+09 -1.46885e+10 8.60072e+08 -7.83383e+09 -4.0431e+09 -3.80537e+09 -1.88228e+09 -2.2657e+09 -1.16345e+09 -1.17536e+08 5.37396e+07 2.1751e+07 2.65775e+08 2.561e+08 -1.63676e+08 -3.45928e+08 9.38207e+07 4.9186e+08 4.22543e+08 1.03437e+08 -6.47453e+06 1.52219e+08 3.44479e+08 4.3198e+08 3.94405e+08 2.80211e+08 1.62576e+08 9.06561e+07 8.27187e+07 1.41345e+08 2.57561e+08 4.05726e+08 5.44271e+08 6.34332e+08 6.57035e+08 6.17285e+08 5.37732e+08 4.44996e+08 3.58777e+08 2.89047e+08 2.38006e+08 2.03625e+08 1.82628e+08 1.7165e+08 1.67522e+08 1.67315e+08 1.68372e+08 
0 4.0201e+08 5.50602e+09 -1.33776e+10 9.34903e+08 -7.07193e+09 -3.62716e+09 -3.44432e+09 -1.72237e+09 -2.07802e+09 -1.08653e+09 -1.37327e+08 2.63784e+07 2.08451e+06 2.25508e+08 2.17887e+08 -1.58827e+08 -3.22992e+08 7.70542e+07 4.39843e+08 3.78123e+08 8.83058e+07 -1.23567e+07 1.31451e+08 3.06352e+08 3.86362e+08 3.52888e+08 2.49891e+08 1.43684e+08 7.88416e+07 7.20264e+07 1.25469e+08 2.30809e+08 3.64629e+08 4.89358e+08 5.70137e+08 5.90204e+08 5.54157e+08 4.82476e+08 3.99105e+08 3.21699e+08 2.59157e+08 2.13413e+08 1.82628e+08 1.63854e+08 1.54066e+08 1.50421e+08 1.50287e+08 1.51279e+08 
0 3.81724e+08 5.4583e+09 -1.27785e+10 1.04814e+09 -6.69075e+09 -3.41038e+09 -3.26965e+09 -1.65366e+09 -1.99994e+09 -1.06482e+09 -1.61353e+08 3.09221e+06 -1.54349e+07 1.99249e+08 1.93066e+08 -1.61362e+08 -3.16553e+08 6.51875e+07 4.12184e+08 3.54787e+08 7.8703e+07 -1.81204e+07 1.18524e+08 2.85444e+08 3.62211e+08 3.30958e+08 2.33526e+08 1.32943e+08 7.16258e+07 6.55436e+07 1.1672e+08 2.16962e+08 3.43788e+08 4.61544e+08 5.37447e+08 5.55934e+08 5.21559e+08 4.53769e+08 3.75153e+08 3.02291e+08 2.43492e+08 2.0053e+08 1.7165e+08 1.54066e+08 1.44932e+08 1.41568e+08 1.41498e+08 1.42478e+08 
0 3.76208e+08 5.59673e+09 -1.26671e+10 1.18462e+09 -6.57163e+09 -3.32939e+09 -3.222e+09 -1.64718e+09 -1.99653e+09 -1.08086e+09 -1.88305e+08 -1.77002e+07 -3.16524e+07 1.82355e+08 1.77251e+08 -1.6901e+08 -3.21353e+08 5.6692e+07 4.01106e+08 3.45692e+08 7.2724e+07 -2.38896e+07 1.10881e+08 2.76206e+08 3.52624e+08 3.22321e+08 2.26632e+08 1.27741e+08 6.75399e+07 6.19125e+07 1.12763e+08 2.11777e+08 3.36561e+08 4.51989e+08 5.26048e+08 5.43731e+08 5.09707e+08 4.43145e+08 3.66172e+08 2.94956e+08 2.37556e+08 1.95656e+08 1.67522e+08 1.50421e+08 1.41568e+08 1.38344e+08 1.3833e+08 1.39332e+08 
0 3.7914e+08 5.82907e+09 -1.28284e+10 1.32703e+09 -6.60211e+09 -3.32564e+09 -3.24582e+09 -1.67503e+09 -2.0341e+09 -1.11705e+09 -2.15824e+08 -3.65058e+07 -4.66283e+07 1.7113e+08 1.66886e+08 -1.79232e+08 -3.32112e+08 5.04119e+07 3.99536e+08 3.44656e+08 6.8856e+07 -2.94969e+07 1.06394e+08 2.7368e+08 3.51341e+08 3.21258e+08 2.25161e+08 1.25755e+08 6.53194e+07 5.99709e+07 1.11543e+08 2.11455e+08 3.36951e+08 4.52672e+08 5.26635e+08 5.44004e+08 5.09632e+08 4.42822e+08 3.65743e+08 2.9453e+08 2.37191e+08 1.95371e+08 1.67315e+08 1.50287e+08 1.41498e+08 1.3833e+08 1.38363e+08 1.39402e+08 
0 3.84724e+08 6.07221e+09 -1.3065e+10 1.45979e+09 -6.67926e+09 -3.34598e+09 -3.29077e+09 -1.71154e+09 -2.08174e+09 -1.15707e+09 -2.41435e+08 -5.34376e+07 -6.01791e+07 1.62427e+08 1.58894e+08 -1.89609e+08 -3.43923e+08 4.54013e+07 4.01124e+08 3.46144e+08 6.58108e+07 -3.46997e+07 1.03219e+08 2.73443e+08 3.52742e+08 3.22626e+08 2.25475e+08 1.24911e+08 6.38445e+07 5.86961e+07 1.11243e+08 2.12617e+08 3.3961e+08 4.56423e+08 5.30865e+08 5.4813e+08 5.13247e+08 4.45768e+08 3.68054e+08 2.96332e+08 2.38627e+08 1.96568e+08 1.68372e+08 1.51279e+08 1.42478e+08 1.39332e+08 1.39402e+08 1.4048e+08 
