0 0 0 0 0 0 0 0 0 0 0 0 0 0 0 0 0 0 0 0 0 0 0 0 0 0 0 0 0 
0 6.65316e+10 5.20231e+10 4.76617e+10 3.5581e+10 1.88483e+10 1.33927e+10 -1.52656e+10 4.38241e+10 -6.26084e+10 6.21432e+10 -4.7353e+10 2.3852e+10 8.24986e+09 -4.59192e+10 -6.9569e+09 1.62365e+11 -1.58665e+11 -9.29893e+08 -1.03975e+07 -311487 -33927.9 -10907.2 -4187.82 -1767.96 330.354 2052.04 3716.62 3892.22 
0 5.20231e+10 4.06785e+10 3.72682e+10 2.78219e+10 1.47381e+10 1.04722e+10 -1.19367e+10 3.42675e+10 -4.89554e+10 4.85917e+10 -3.70268e+10 1.86506e+10 6.45082e+09 -3.59057e+10 -5.43982e+09 1.26958e+11 -1.24065e+11 -7.27112e+08 -8.13015e+06 -243562 -26529.3 -8528.66 -3274.59 -1382.42 258.314 1604.55 2906.14 3043.45 
0 4.76617e+10 3.72682e+10 3.41438e+10 2.54894e+10 1.35025e+10 9.59421e+09 -1.0936e+10 3.13946e+10 -4.48512e+10 4.45179e+10 -3.39226e+10 1.7087e+10 5.91001e+09 -3.28955e+10 -4.98377e+09 1.16315e+11 -1.13664e+11 -6.66154e+08 -7.44855e+06 -223143 -24305.2 -7813.65 -3000.06 -1266.52 236.658 1470.03 2662.5 2788.3 
0 3.5581e+10 2.78219e+10 2.54894e+10 1.90287e+10 1.00801e+10 7.16239e+09 -8.16405e+09 2.34371e+10 -3.34829e+10 3.32341e+10 -2.53243e+10 1.2756e+10 4.41202e+09 -2.45575e+10 -3.72055e+09 8.68327e+10 -8.48538e+10 -4.97306e+08 -5.56059e+06 -166583 -18144.6 -5833.15 -2239.64 -945.502 176.673 1097.43 1987.64 2081.55 
0 1.88483e+10 1.47381e+10 1.35025e+10 1.00801e+10 5.3397e+09 3.79413e+09 -4.32473e+09 1.24153e+10 -1.77369e+10 1.76051e+10 -1.3415e+10 6.75724e+09 2.33717e+09 -1.30088e+10 -1.97088e+09 4.59978e+10 -4.49495e+10 -2.63437e+08 -2.9456e+06 -88244 -9611.73 -3089.99 -1186.4 -500.86 93.5887 581.34 1052.91 1102.66 
0 1.33927e+10 1.04722e+10 9.59421e+09 7.16239e+09 3.79413e+09 2.69592e+09 -3.07294e+09 8.82171e+09 -1.26029e+10 1.25093e+10 -9.53206e+09 4.80136e+09 1.66068e+09 -9.24344e+09 -1.40041e+09 3.26838e+10 -3.19389e+10 -1.87186e+08 -2.093e+06 -62701.8 -6829.62 -2195.59 -843 -355.886 66.4995 413.071 748.147 783.495 
0 -1.52656e+10 -1.19367e+10 -1.0936e+10 -8.16405e+09 -4.32473e+09 -3.07294e+09 3.50269e+09 -1.00554e+10 1.43655e+10 -1.42587e+10 1.08651e+10 -5.47283e+09 -1.89292e+09 1.05361e+10 1.59626e+09 -3.72546e+10 3.64056e+10 2.13363e+08 2.38571e+06 71470.6 7784.74 2502.65 960.893 405.657 -75.7994 -470.839 -852.775 -893.067 
0 4.38241e+10 3.42675e+10 3.13946e+10 2.34371e+10 1.24153e+10 8.82171e+09 -1.00554e+10 2.88668e+10 -4.12399e+10 4.09335e+10 -3.11912e+10 1.57112e+10 5.43415e+09 -3.02468e+10 -4.58249e+09 1.06949e+11 -1.04512e+11 -6.12517e+08 -6.84881e+06 -205176 -22348.2 -7184.52 -2758.5 -1164.55 217.603 1351.67 2448.12 2563.79 
0 -6.26084e+10 -4.89554e+10 -4.48512e+10 -3.34829e+10 -1.77369e+10 -1.26029e+10 1.43655e+10 -4.12399e+10 5.89165e+10 -5.84787e+10 4.45607e+10 -2.24455e+10 -7.76338e+09 4.32114e+10 6.54667e+09 -1.52791e+11 1.49309e+11 8.75059e+08 9.7844e+06 293120 31927.2 10264 3940.87 1663.7 -310.873 -1931.03 -3497.45 -3662.7 
0 6.21432e+10 4.85917e+10 4.45179e+10 3.32341e+10 1.76051e+10 1.25093e+10 -1.42587e+10 4.09335e+10 -5.84787e+10 5.80442e+10 -4.42296e+10 2.22787e+10 7.7057e+09 -4.28904e+10 -6.49802e+09 1.51655e+11 -1.48199e+11 -8.68557e+08 -9.7117e+06 -290942 -31690 -10187.7 -3911.59 -1651.34 308.563 1916.69 3471.47 3635.49 
0 -4.7353e+10 -3.70268e+10 -3.39226e+10 -2.53243e+10 -1.3415e+10 -9.53206e+09 1.08651e+10 -3.11912e+10 4.45607e+10 -4.42296e+10 3.37028e+10 -1.69764e+10 -5.87173e+09 3.26824e+10 4.95148e+09 -1.15561e+11 1.12928e+11 6.61839e+08 7.4003e+06 221697 24147.7 7763.04 2980.62 1258.32 -235.125 -1460.51 -2645.25 -2770.23 
0 2.3852e+10 1.86506e+10 1.7087e+10 1.2756e+10 6.75724e+09 4.80136e+09 -5.47283e+09 1.57112e+10 -2.24455e+10 2.22787e+10 -1.69764e+10 8.55111e+09 2.95763e+09 -1.64623e+10 -2.4941e+09 5.82089e+10 -5.68824e+10 -3.33373e+08 -3.72758e+06 -111670 -12163.4 -3910.3 -1501.36 -633.824 118.434 735.67 1332.43 1395.39 
0 8.24986e+09 6.45082e+09 5.91001e+09 4.41202e+09 2.33717e+09 1.66068e+09 -1.89292e+09 5.43415e+09 -7.76338e+09 7.7057e+09 -5.87173e+09 2.95763e+09 1.02297e+09 -5.69394e+09 -8.6265e+08 2.01331e+10 -1.96743e+10 -1.15306e+08 -1.28928e+06 -38624.2 -4207.03 -1352.48 -519.286 -219.225 40.9635 254.451 460.857 482.631 
0 -4.59192e+10 -3.59057e+10 -3.28955e+10 -2.45575e+10 -1.30088e+10 -9.24344e+09 1.05361e+10 -3.02468e+10 4.32114e+10 -4.28904e+10 3.26824e+10 -1.64623e+10 -5.69394e+09 3.16928e+10 4.80156e+09 -1.12062e+11 1.09508e+11 6.41799e+08 7.17623e+06 214984 23416.6 7527.98 2890.38 1220.22 -228.006 -1416.29 -2565.16 -2686.35 
0 -6.9569e+09 -5.43982e+09 -4.98377e+09 -3.72055e+09 -1.97088e+09 -1.40041e+09 1.59626e+09 -4.58249e+09 6.54667e+09 -6.49802e+09 4.95148e+09 -2.4941e+09 -8.6265e+08 4.80156e+09 7.27451e+08 -1.69778e+10 1.65909e+10 9.72346e+07 1.08722e+06 32570.8 3547.68 1140.51 437.901 184.867 -34.5436 -214.572 -388.629 -406.991 
0 1.62365e+11 1.26958e+11 1.16315e+11 8.68327e+10 4.59978e+10 3.26838e+10 -3.72546e+10 1.06949e+11 -1.52791e+11 1.51655e+11 -1.15561e+11 5.82089e+10 2.01331e+10 -1.12062e+11 -1.69778e+10 3.96239e+11 -3.87209e+11 -2.26933e+09 -2.53743e+07 -760160 -82798.3 -26618.1 -10220 -4314.56 806.201 5007.84 9070.1 9498.64 
0 -1.58665e+11 -1.24065e+11 -1.13664e+11 -8.48538e+10 -4.49495e+10 -3.19389e+10 3.64056e+10 -1.04512e+11 1.49309e+11 -1.48199e+11 1.12928e+11 -5.68824e+10 -1.96743e+10 1.09508e+11 1.65909e+10 -3.87209e+11 3.78385e+11 2.21761e+09 2.47961e+07 742837 80911.4 26011.5 9987.13 4216.23 -787.829 -4893.71 -8863.4 -9282.17 
0 -9.29893e+08 -7.27112e+08 -6.66154e+08 -4.97306e+08 -2.63437e+08 -1.87186e+08 2.13363e+08 -6.12517e+08 8.75059e+08 -8.68557e+08 6.61839e+08 -3.33373e+08 -1.15306e+08 6.41799e+08 9.72346e+07 -2.26933e+09 2.21761e+09 1.29968e+07 145323 4353.57 474.2 152.446 58.5319 24.7102 -4.61726 -28.6808 -51.9461 -54.4004 
0 -1.03975e+07 -8.13015e+06 -7.44855e+06 -5.56059e+06 -2.9456e+06 -2.093e+06 2.38571e+06 -6.84881e+06 9.7844e+06 -9.7117e+06 7.4003e+06 -3.72758e+06 -1.28928e+06 7.17623e+06 1.08722e+06 -2.53743e+07 2.47961e+07 145323 1624.92 48.6791 5.30223 1.70457 0.65447 0.276295 -0.0516275 -0.320692 -0.580831 -0.608273 
0 -311487 -243562 -223143 -166583 -88244 -62701.8 71470.6 -205176 293120 -290942 221697 -111670 -38624.2 214984 32570.8 -760160 742837 4353.57 48.6791 1.45832 0.158844 0.0510652 0.0196065 0.00827722 -0.00154665 -0.00960723 -0.0174004 -0.0182226 
0 -33927.9 -26529.3 -24305.2 -18144.6 -9611.73 -6829.62 7784.74 -22348.2 31927.2 -31690 24147.7 -12163.4 -4207.03 23416.6 3547.68 -82798.3 80911.4 474.2 5.30223 0.158844 0.0173016 0.00556213 0.00213559 0.000901573 -0.000168464 -0.00104644 -0.00189529 -0.00198484 
0 -10907.2 -8528.66 -7813.65 -5833.15 -3089.99 -2195.59 2502.65 -7184.52 10264 -10187.7 7763.04 -3910.3 -1352.48 7527.98 1140.51 -26618.1 26011.5 152.446 1.70457 0.0510652 0.00556213 0.00178812 0.00068655 0.000289839 -5.41581e-05 -0.000336411 -0.000609301 -0.000638089 
0 -4187.82 -3274.59 -3000.06 -2239.64 -1186.4 -843 960.893 -2758.5 3940.87 -3911.59 2980.62 -1501.36 -519.286 2890.38 437.901 -10220 9987.13 58.5319 0.65447 0.0196065 0.00213559 0.00068655 0.000263602 0.000111284 -2.0794e-05 -0.000129165 -0.000233942 -0.000244995 
0 -1767.96 -1382.42 -1266.52 -945.502 -500.86 -355.886 405.657 -1164.55 1663.7 -1651.34 1258.32 -633.824 -219.225 1220.22 184.867 -4314.56 4216.23 24.7102 0.276295 0.00827722 0.000901573 0.000289839 0.000111284 4.69803e-05 -8.77855e-06 -5.45292e-05 -9.87624e-05 -0.000103429 
0 330.354 258.314 236.658 176.673 93.5887 66.4995 -75.7994 217.603 -310.873 308.563 -235.125 118.434 40.9635 -228.006 -34.5436 806.201 -787.829 -4.61726 -0.0516275 -0.00154665 -0.000168464 -5.41581e-05 -2.0794e-05 -8.77855e-06 1.64033e-06 1.01891e-05 1.84544e-05 1.93263e-05 
0 2052.04 1604.55 1470.03 1097.43 581.34 413.071 -470.839 1351.67 -1931.03 1916.69 -1460.51 735.67 254.451 -1416.29 -214.572 5007.84 -4893.71 -28.6808 -0.320692 -0.00960723 -0.00104644 -0.000336411 -0.000129165 -5.45292e-05 1.01891e-05 6.32912e-05 0.000114632 0.000120048 
0 3716.62 2906.14 2662.5 1987.64 1052.91 748.147 -852.775 2448.12 -3497.45 3471.47 -2645.25 1332.43 460.857 -2565.16 -388.629 9070.1 -8863.4 -51.9461 -0.580831 -0.0174004 -0.00189529 -0.000609301 -0.000233942 -9.87624e-05 1.84544e-05 0.000114632 0.000207619 0.000217429 
0 3892.22 3043.45 2788.3 2081.55 1102.66 783.495 -893.067 2563.79 -3662.7 3635.49 -2770.23 1395.39 482.631 -2686.35 -406.991 9498.64 -9282.17 -54.4004 -0.608273 -0.0182226 -0.00198484 -0.000638089 -0.000244995 -0.000103429 1.93263e-05 0.000120048 0.000217429 0.000227702 
