0 0 0 0 0 0 0 0 0 0 0 0 0 0 0 0 0 0 0 0 0 0 0 0 0 
0 8.94371e+11 -6.12894e+11 -6.85527e+10 -3.28366e+11 -1.54155e+11 -1.42327e+11 -6.96912e+10 -1.5781e+10 -1.21935e+11 6.10755e+10 -5.07393e+10 -2.99576e+08 5.44188e+08 -1.17701e+10 -9.5e+09 -2.85158e+09 5.41652e+09 9.46358e+09 9.27668e+09 7.10674e+09 4.86327e+09 3.63247e+09 3.26317e+09 3.24485e+09 
0 -6.12894e+11 6.78616e+11 1.54965e+11 3.84186e+11 1.54687e+11 1.16879e+11 4.96668e+10 -2.38286e+10 1.57446e+11 -9.90918e+10 4.51472e+10 -1.98909e+10 -1.6068e+10 4.77911e+09 4.45094e+09 -5.85119e+09 -2.29737e+10 -3.14564e+10 -2.85201e+10 -2.08953e+10 -1.396e+10 -1.01836e+10 -8.83823e+09 -8.49702e+09 
0 -6.85527e+10 1.54965e+11 5.31393e+10 9.41214e+10 3.79543e+10 2.51325e+10 9.07537e+09 -1.13607e+10 4.35987e+10 -2.79749e+10 9.39338e+09 -7.25155e+09 -5.50492e+09 4.85516e+08 5.57153e+08 -2.4342e+09 -7.55844e+09 -9.9468e+09 -8.82983e+09 -6.3953e+09 -4.25504e+09 -3.10088e+09 -2.68607e+09 -2.57378e+09 
0 -3.28366e+11 3.84186e+11 9.41214e+10 2.21233e+11 9.23989e+10 7.04852e+10 2.97835e+10 -1.36993e+10 9.385e+10 -5.71124e+10 2.62254e+10 -1.10584e+10 -8.7802e+09 3.26885e+09 2.94513e+09 -3.11697e+09 -1.29336e+10 -1.7623e+10 -1.58781e+10 -1.15884e+10 -7.73735e+09 -5.65434e+09 -4.9202e+09 -4.73897e+09 
0 -1.54155e+11 1.54687e+11 3.79543e+10 9.23989e+10 4.92148e+10 4.27141e+10 1.94697e+10 1.47296e+09 4.20117e+10 -1.95375e+10 1.41166e+10 -1.54998e+09 -2.27823e+08 3.78693e+09 2.8776e+09 6.12176e+08 -2.14288e+09 -3.27977e+09 -3.04603e+09 -2.28646e+09 -1.55747e+09 -1.16562e+09 -1.04709e+09 -1.03652e+09 
0 -1.42327e+11 1.16879e+11 2.51325e+10 7.04852e+10 4.27141e+10 4.07447e+10 1.8986e+10 6.29598e+09 3.23425e+10 -1.1749e+10 1.28272e+10 8.85606e+08 2.03833e+09 4.35417e+09 3.19115e+09 1.65068e+09 4.27434e+08 1.24473e+08 3.09078e+07 -3.3023e+07 -5.68984e+07 -8.1482e+07 -1.21175e+08 -1.59976e+08 
0 -6.96912e+10 4.96668e+10 9.07537e+09 2.97835e+10 1.94697e+10 1.8986e+10 9.3469e+09 3.58249e+09 1.39743e+10 -4.29318e+09 5.87044e+09 1.08531e+09 1.33025e+09 2.14739e+09 1.59876e+09 1.03481e+09 7.61246e+08 7.33011e+08 5.75263e+08 3.6825e+08 2.21944e+08 1.42443e+08 1.00311e+08 7.58811e+07 
0 -1.5781e+10 -2.38286e+10 -1.13607e+10 -1.36993e+10 1.47296e+09 6.29598e+09 3.58249e+09 1.02197e+10 -8.08662e+09 8.77875e+09 2.08244e+09 2.43871e+09 4.08439e+09 2.0436e+09 1.08987e+09 1.83733e+09 3.79573e+09 4.84336e+09 4.2522e+09 3.04093e+09 2.00766e+09 1.44773e+09 1.23289e+09 1.16191e+09 
0 -1.21935e+11 1.57446e+11 4.35987e+10 9.385e+10 4.20117e+10 3.23425e+10 1.39743e+10 -8.08662e+09 4.47836e+10 -2.52034e+10 1.03917e+10 -3.26907e+09 -3.92137e+09 1.50358e+09 1.61034e+09 -1.12539e+09 -5.36673e+09 -7.24912e+09 -6.43081e+09 -4.64876e+09 -3.10201e+09 -2.27795e+09 -1.99372e+09 -1.92671e+09 
0 6.10755e+10 -9.90918e+10 -2.79749e+10 -5.71124e+10 -1.95375e+10 -1.1749e+10 -4.29318e+09 8.77875e+09 -2.52034e+10 1.77942e+10 -4.72368e+09 4.18815e+09 4.30702e+09 4.53853e+08 2.3155e+07 1.80835e+09 5.14724e+09 6.8098e+09 6.07202e+09 4.39657e+09 2.92159e+09 2.12258e+09 1.83029e+09 1.74732e+09 
0 -5.07393e+10 4.51472e+10 9.39338e+09 2.62254e+10 1.41166e+10 1.28272e+10 5.87044e+09 2.08244e+09 1.03917e+10 -4.72368e+09 4.82562e+09 -7.67247e+08 4.41411e+08 1.33091e+09 8.6648e+08 3.38385e+08 -2.38072e+08 -5.21584e+08 -5.69622e+08 -4.71504e+08 -3.30947e+08 -2.47512e+08 -2.2232e+08 -2.21808e+08 
0 -2.99576e+08 -1.98909e+10 -7.25155e+09 -1.10584e+10 -1.54998e+09 8.85606e+08 1.08531e+09 2.43871e+09 -3.26907e+09 4.18815e+09 -7.67247e+08 2.45334e+09 1.35664e+09 4.95557e+08 4.57226e+08 8.22022e+08 1.72843e+09 2.26793e+09 2.07045e+09 1.52705e+09 1.01615e+09 7.29738e+08 6.18871e+08 5.83357e+08 
0 5.44188e+08 -1.6068e+10 -5.50492e+09 -8.7802e+09 -2.27823e+08 2.03833e+09 1.33025e+09 4.08439e+09 -3.92137e+09 4.30702e+09 4.41411e+08 1.35664e+09 1.81436e+09 8.27631e+08 4.64278e+08 8.48058e+08 1.8047e+09 2.31682e+09 2.04228e+09 1.46267e+09 9.6516e+08 6.95877e+08 5.93389e+08 5.60421e+08 
0 -1.17701e+10 4.77911e+09 4.85516e+08 3.26885e+09 3.78693e+09 4.35417e+09 2.14739e+09 2.0436e+09 1.50358e+09 4.53853e+08 1.33091e+09 4.95557e+08 8.27631e+08 6.95311e+08 4.48024e+08 4.32901e+08 6.49418e+08 8.09468e+08 7.16076e+08 5.1221e+08 3.35713e+08 2.38078e+08 1.97822e+08 1.82371e+08 
0 -9.5e+09 4.45094e+09 5.57153e+08 2.94513e+09 2.8776e+09 3.19115e+09 1.59876e+09 1.08987e+09 1.61034e+09 2.3155e+07 8.6648e+08 4.57226e+08 4.64278e+08 4.48024e+08 3.25344e+08 2.86667e+08 3.84426e+08 4.74464e+08 4.25909e+08 3.09045e+08 2.03059e+08 1.43065e+08 1.17686e+08 1.07635e+08 
0 -2.85158e+09 -5.85119e+09 -2.4342e+09 -3.11697e+09 6.12176e+08 1.65068e+09 1.03481e+09 1.83733e+09 -1.12539e+09 1.80835e+09 3.38385e+08 8.22022e+08 8.48058e+08 4.32901e+08 2.86667e+08 4.67493e+08 9.14592e+08 1.12978e+09 9.71536e+08 6.8565e+08 4.50236e+08 3.25078e+08 2.78144e+08 2.63327e+08 
0 5.41652e+09 -2.29737e+10 -7.55844e+09 -1.29336e+10 -2.14288e+09 4.27434e+08 7.61246e+08 3.79573e+09 -5.36673e+09 5.14724e+09 -2.38072e+08 1.72843e+09 1.8047e+09 6.49418e+08 3.84426e+08 9.14592e+08 2.04348e+09 2.57532e+09 2.22847e+09 1.57752e+09 1.03813e+09 7.52102e+08 6.46864e+08 6.15418e+08 
0 9.46358e+09 -3.14564e+10 -9.9468e+09 -1.7623e+10 -3.27977e+09 1.24473e+08 7.33011e+08 4.84336e+09 -7.24912e+09 6.8098e+09 -5.21584e+08 2.26793e+09 2.31682e+09 8.09468e+08 4.74464e+08 1.12978e+09 2.57532e+09 3.31745e+09 2.92735e+09 2.10077e+09 1.38807e+09 1.00323e+09 8.59206e+08 8.15068e+08 
0 9.27668e+09 -2.85201e+10 -8.82983e+09 -1.58781e+10 -3.04603e+09 3.09078e+07 5.75263e+08 4.2522e+09 -6.43081e+09 6.07202e+09 -5.69622e+08 2.07045e+09 2.04228e+09 7.16076e+08 4.25909e+08 9.71536e+08 2.22847e+09 2.92735e+09 2.63125e+09 1.91329e+09 1.26917e+09 9.15178e+08 7.80504e+08 7.38216e+08 
0 7.10674e+09 -2.08953e+10 -6.3953e+09 -1.15884e+10 -2.28646e+09 -3.3023e+07 3.6825e+08 3.04093e+09 -4.64876e+09 4.39657e+09 -4.71504e+08 1.52705e+09 1.46267e+09 5.1221e+08 3.09045e+08 6.8565e+08 1.57752e+09 2.10077e+09 1.91329e+09 1.40486e+09 9.34792e+08 6.73129e+08 5.72505e+08 5.40444e+08 
0 4.86327e+09 -1.396e+10 -4.25504e+09 -7.73735e+09 -1.55747e+09 -5.68984e+07 2.21944e+08 2.00766e+09 -3.10201e+09 2.92159e+09 -3.30947e+08 1.01615e+09 9.6516e+08 3.35713e+08 2.03059e+08 4.50236e+08 1.03813e+09 1.38807e+09 1.26917e+09 9.34792e+08 6.22687e+08 4.48266e+08 3.81004e+08 3.59506e+08 
0 3.63247e+09 -1.01836e+10 -3.10088e+09 -5.65434e+09 -1.16562e+09 -8.1482e+07 1.42443e+08 1.44773e+09 -2.27795e+09 2.12258e+09 -2.47512e+08 7.29738e+08 6.95877e+08 2.38078e+08 1.43065e+08 3.25078e+08 7.52102e+08 1.00323e+09 9.15178e+08 6.73129e+08 4.48266e+08 3.22858e+08 2.74623e+08 2.59281e+08 
0 3.26317e+09 -8.83823e+09 -2.68607e+09 -4.9202e+09 -1.04709e+09 -1.21175e+08 1.00311e+08 1.23289e+09 -1.99372e+09 1.83029e+09 -2.2232e+08 6.18871e+08 5.93389e+08 1.97822e+08 1.17686e+08 2.78144e+08 6.46864e+08 8.59206e+08 7.80504e+08 5.72505e+08 3.81004e+08 2.74623e+08 2.33898e+08 2.21051e+08 
0 3.24485e+09 -8.49702e+09 -2.57378e+09 -4.73897e+09 -1.03652e+09 -1.59976e+08 7.58811e+07 1.16191e+09 -1.92671e+09 1.74732e+09 -2.21808e+08 5.83357e+08 5.60421e+08 1.82371e+08 1.07635e+08 2.63327e+08 6.15418e+08 8.15068e+08 7.38216e+08 5.40444e+08 3.59506e+08 2.59281e+08 2.21051e+08 2.09076e+08 
